image: workshop-explore.pgm
resolution: 0.100000
origin: [-3.209665, -1.460199, 0.000000]
negate: 0
occupied_thresh: 0.65
free_thresh: 0.196

